A :
| -0.605617  -0.108471  -0.669663  -0.616812  -0.945942  -0.751956  -0.815378  -0.083727  -0.341169  -0.278994  -0.774509  -0.688050  -0.293933  -0.481849 |
| -0.088353  -0.192275  -0.649640  -0.705840  -0.995838  -0.299380  -0.269271  -0.206343  -0.848770  -0.013533  -0.642807  -0.467040  -0.261041  -0.887352 |
| -0.231770  -0.050673  -0.411360  -0.755587  -0.819628  -0.768572  -0.797787  -0.095068  -0.352793  -0.526106  -0.185091  -0.357307  -0.073424  -0.951500 |
| -0.522603  -0.807786  -0.560440  -0.874525  -0.086973  -0.776344  -0.346870  -0.501856  -0.668614  -0.900441  -0.742531  -0.637846  -0.505593  -0.362344 |
| -0.486599  -0.651107  -0.185233  -0.254929  -0.447515  -0.028534  -0.912356  -0.726089  -0.065505  -0.342880  -0.163896  -0.322188  -0.200354  -0.586922 |
| -0.364288  -0.542298  -0.517509  -0.947471  -0.312613  -0.280731  -0.313875  -0.536338  -0.341253  -0.948492  -0.801979  -0.936439  -0.342799  -0.982543 |
| -0.393031  -0.029366  -0.079872  -0.759938  -0.242706  -0.407460  -0.638399  -0.708947  -0.842728  -0.219132  -0.325395  -0.381042  -0.675459  -0.187053 |
| -0.862768  -0.733334  -0.358919  -0.343436  -0.423029  -0.663649  -0.333443  -0.272450  -0.482285  -0.880889  -0.799648  -0.998875  -0.362229  -0.522639 |
| -0.599056  -0.239751  -0.718941  -0.240265  -0.371090  -0.996769  -0.711621  -0.507578  -0.573801  -0.470101  -0.565991  -0.738430  -0.205090  -0.925740 |
| -0.001076  -0.468394  -0.552966  -0.479790  -0.166761  -0.166757  -0.015637  -0.821792  -0.755673  -0.695715  -0.467154  -0.818839  -0.529436  -0.777398 |
| -0.160888  -0.068165  -0.723765  -0.795345  -0.168962  -0.517050  -0.668521  -0.878741  -0.361346  -0.830180  -0.985421  -0.120991  -0.134915  -0.076487 |
| -0.362448  -0.715707  -0.830393  -0.426681  -0.096634  -0.287913  -0.041363  -0.675193  -0.102440  -0.381075  -0.694592  -0.114986  -0.587517  -0.561438 |
| -0.027225  -0.645951  -0.873925  -0.842193  -0.502741  -0.959136  -0.300925  -0.377905  -0.994591  -0.170192  -0.350341  -0.496539  -0.354398  -0.051089 |
| 0.700910  0.515049  0.510349  0.384658  0.143982  0.406767  0.573721  0.446743  0.058723  0.597280  0.630243  0.462852  0.952662  0.767014 |
B :
| 0.394383  0.911647  0.768230  0.477397  0.513401  0.635712  0.606969  0.137232  0.400944  0.998924  0.839112  0.637552  0.972775  0.526745 |
| 0.891529  0.807725  0.949327  0.192214  0.348893  0.457702  0.970634  0.266666  0.760249  0.531606  0.931835  0.284293  0.354049  0.440105 |
| 0.330337  0.350360  0.588640  0.439560  0.814767  0.482491  0.920128  0.641081  0.281059  0.447034  0.276235  0.169607  0.126075  0.984752 |
| 0.383188  0.294160  0.244413  0.125475  0.745071  0.052529  0.240062  0.656564  0.759735  0.520210  0.204655  0.573319  0.157807  0.889956 |
| 0.054058  0.004162  0.180372  0.913027  0.552485  0.687387  0.757294  0.576971  0.628910  0.833239  0.831038  0.903366  0.497259  0.888949 |
| 0.248044  0.700620  0.231428  0.223656  0.971466  0.719269  0.592540  0.336351  0.003231  0.833243  0.482950  0.712087  0.040864  0.673936 |
| 0.184622  0.730729  0.202213  0.653130  0.087644  0.686125  0.361601  0.666557  0.288379  0.984363  0.331479  0.958637  0.699075  0.383832 |
| 0.916273  0.793657  0.904932  0.498144  0.273911  0.463662  0.291053  0.727550  0.492422  0.178208  0.121259  0.324807  0.622095  0.496074 |
| 0.658831  0.151230  0.647207  0.331386  0.934495  0.658747  0.157272  0.517715  0.426199  0.244327  0.638654  0.897560  0.005409  0.293678 |
| 0.721006  0.986467  0.473894  0.099559  0.657120  0.051508  0.780868  0.119111  0.529899  0.304285  0.169820  0.618925  0.829808  0.923728 |
| 0.225491  0.357193  0.814909  0.257469  0.836104  0.198021  0.674605  0.200352  0.434009  0.532846  0.014579  0.305408  0.649659  0.685986 |
| 0.311950  0.532960  0.642693  0.362154  0.677812  0.063561  0.618958  0.001125  0.261570  0.181161  0.879009  0.885014  0.503461  0.904170 |
| 0.706067  0.738959  0.926576  0.494407  0.799646  0.657201  0.324541  0.637771  0.794910  0.470564  0.865085  0.412483  0.645602  0.579022 |
| 0.518151  0.112648  0.048500  0.637656  0.413078  0.017457  0.812947  0.477361  0.074260  0.222602  0.923513  0.438562  0.948911  0.333569 |
C :
| -0.080546  -0.178053  -0.249489  -0.249820  -0.231582  -0.238558  -0.118399  -0.240188  -0.001074  -0.135003  -0.231079  -0.026484  0.369201  0.769914 |
| -0.155306  -0.048105  -0.155268  -0.227167  -0.248211  -0.028504  -0.195555  -0.182271  -0.249001  -0.063518  -0.203471  -0.228698  0.226675  0.880075 |
| -0.227608  -0.242143  -0.246347  -0.150922  -0.249693  -0.073492  -0.230096  -0.202065  -0.247195  -0.199929  -0.140841  -0.110180  0.502567  0.935004 |
| -0.207630  -0.184675  -0.109731  -0.189940  -0.049770  -0.182432  -0.225488  -0.182538  -0.249592  -0.162771  -0.244624  -0.132904  0.342329  0.125468 |
| -0.004144  -0.147838  -0.079409  -0.247245  -0.214886  -0.183800  -0.244075  -0.233382  -0.138952  -0.140414  -0.087296  -0.249992  0.127993  0.076995 |
| -0.209752  -0.177869  -0.173634  -0.027720  -0.201921  -0.241436  -0.223219  -0.003221  -0.138949  -0.249709  -0.205019  -0.039194  0.274135  0.637640 |
| -0.196764  -0.161323  -0.226551  -0.079962  -0.215358  -0.230846  -0.222259  -0.205217  -0.015392  -0.221601  -0.039652  -0.210369  0.220213  0.774274 |
| -0.163766  -0.086030  -0.249997  -0.198884  -0.248680  -0.206341  -0.198221  -0.249943  -0.146450  -0.106555  -0.219307  -0.235093  0.221618  0.334972 |
| -0.128359  -0.228330  -0.221569  -0.061214  -0.224799  -0.132538  -0.249686  -0.244553  -0.184631  -0.230775  -0.091946  -0.005379  0.017246  0.114668 |
| -0.013350  -0.249318  -0.089647  -0.225313  -0.048855  -0.171113  -0.104924  -0.249106  -0.211696  -0.140981  -0.235857  -0.141226  0.551724  0.169649 |
| -0.229606  -0.150833  -0.191179  -0.137034  -0.158808  -0.219513  -0.160211  -0.245645  -0.248921  -0.014367  -0.212134  -0.227602  0.432338  0.809785 |
| -0.248914  -0.229639  -0.230999  -0.218383  -0.059521  -0.235849  -0.001124  -0.193151  -0.148342  -0.106352  -0.101764  -0.249988  0.418497  0.191112 |
| -0.192898  -0.068033  -0.249969  -0.160212  -0.225288  -0.219214  -0.231019  -0.163028  -0.249134  -0.116713  -0.242341  -0.228800  0.551612  0.032963 |
| -0.099958  -0.046147  -0.231051  -0.242445  -0.017152  -0.152064  -0.249487  -0.068746  -0.173051  -0.070637  -0.246225  -0.048479  0.255852  0.536743 |
